##absorption coefficient values have been multiplied by 1E7 ( usual 1E5 * 100) to convert from per cm to per metre
0.0000	0
0.0200	44721.4
0.0400	89442.8
0.0601	118322
0.0801	148324
0.1001	189737
0.1201	228035
0.1401	268329
0.1602	309839
0.1802	343511
0.2002	384707
0.2202	424264
0.2402	462602
0.2603	501996
0.2803	540370
0.3003	579655
0.3203	618061
0.3403	658787
0.3604	700000
0.3804	738918
0.4004	779744
0.4204	818535
0.4404	860232
0.4605	901110
0.4805	943398
0.5005	983870
0.5205	1025670
0.5405	1068640
0.5606	1110850
0.5806	1153260
0.6006	1195830
0.6206	1240160
0.6406	1282960
0.6607	1327400
0.6807	1.37113e+06
0.7007	1417040
0.7207	1.46218e+06
0.7407	1507310
0.7608	1554350
0.7808	1600620
0.8008	1648030
0.8208	1695880
0.8408	1.74414e+06
0.8609	1792200
0.8809	1842280
0.9009	1891570
0.9209	1941640
0.9409	1993490
0.9610	2044500
0.9810	2097620
1.0010	2150350
1.0210	2203630
1.0410	2258320
1.0611	2313440
1.0811	2369390
1.1011	2426110
1.1211	2483540
1.1411	2.54165e+06
1.1612	2600770
1.1812	2.66045e+06
1.2012	2721400
1.2212	2.7828e+06
1.2412	2845690
1.2613	2.90965e+06
1.2813	2973890
1.3013	3039740
1.3213	3106770
1.3413	3174270
1.3614	3243460
1.3814	3313600
1.4014	3384670
1.4214	3457460
1.4414	3.53129e+06
1.4615	3606390
1.4815	3682390
1.5015	3760320
1.5215	3839260
1.5415	3919690
1.5616	4.00174e+06
1.5816	4085100
1.6016	4170130
1.6216	4256530
1.6416	4344650
1.6617	4434630
1.6817	4525920
1.7017	4619300
1.7217	4714240
1.7417	4810820
1.7618	4909390
1.7818	5.00979e+06
1.8018	5112340
1.8218	5216710
1.8418	5323160
1.8619	5431570
1.8819	5542200
1.9019	5.6549e+06
1.9219	5769750
1.9419	5887100
1.9620	6006160
1.9820	6127970
2.0020	6251710
2.0220	6.37793e+06
2.0420	6.50677e+06
2.0621	6.63777e+06
2.0821	6.77155e+06
2.1021	6907390
2.1221	7045850
2.1421	7186930
2.1622	7.33049e+06
2.1822	7476490
2.2022	7625090
2.2222	7776510
2.2422	7930190
2.2623	8086400
2.2823	8245120
2.3023	8406670
2.3223	8570530
2.3423	8736810
2.3624	8905840
2.3824	9076890
2.4024	9250630
2.4224	9426670
2.4424	9605000
2.4625	9785200
2.4825	9967940
2.5025	10152600
2.5225	10339200
2.5425	1.05279e+07
2.5626	10718200
2.5826	10910300
2.6026	11104000
2.6226	11298900
2.6426	11495600
2.6627	1.16935e+07
2.6827	11892400
2.7027	12092600
2.7227	12293300
2.7427	12494700
2.7628	12697000
2.7828	12899500
2.8028	13102500
2.8228	13305600
2.8428	13508800
2.8629	13711700
2.8829	13914400
2.9029	14116800
2.9229	14318500
2.9429	14519400
2.9630	14719700
2.9830	1.49188e+07
3.0030	1.51164e+07
3.0230	15313100
3.0430	15507800
3.0631	15701200
3.0831	15892500
3.1031	16081900
3.1231	16269400
3.1431	1.64542e+07
3.1632	16636800
3.1832	16816700
3.2032	16993500
3.2232	17167700
3.2432	17338800
3.2633	17506700
3.2833	17671400
3.3033	17832400
3.3233	17989800
3.3433	18143900
3.3634	18293700
3.3834	18439800
3.4034	18581900
3.4234	18720100
3.4434	18853900
3.4635	18983700
3.4835	19109300
3.5035	19230600
3.5235	19347400
3.5435	19460000
3.5636	19568000
3.5836	19672100
3.6036	19771600
3.6236	19866900
3.6436	19957700
3.6637	20044200
3.6837	2.01264e+07
3.7037	2.02044e+07
3.7237	20278100
3.7437	20347600
3.7638	20412900
3.7838	20473900
3.8038	20530800
3.8238	20583600
3.8438	2.06321e+07
3.8639	20676800
3.8839	20717200
3.9039	20753900
3.9239	20786100
3.9439	2.08145e+07
3.9640	20839000
3.9840	20859400
4.0040	20875600
4.0240	20888200
4.0440	20896600
4.0641	2.09012e+07
4.0841	20901500
4.1041	20898400
4.1241	20891600
4.1441	20880600
4.1642	20865700
4.1842	20847100
4.2042	20825000
4.2242	20799000
4.2442	20769400
4.2643	20736200
4.2843	20699700
4.3043	20659300
4.3243	20616000
4.3443	20569200
4.3644	20519100
4.3844	20465800
4.4044	20409200
4.4244	20349800
4.4444	20287600
4.4645	20222500
4.4845	20154700
4.5045	20084000
4.5245	20010700
4.5445	19935000
4.5646	19857100
4.5846	19776800
4.6046	19693900
4.6246	19609200
4.6446	19522400
4.6647	19433400
4.6847	19342900
4.7047	19250600
4.7247	19156200
4.7447	19060500
4.7648	18963300
4.7848	18864600
4.8048	18764100
4.8248	18663000
4.8448	18560000
4.8649	18456300
4.8849	18351500
4.9049	18245900
4.9249	18139000
4.9449	18031600
4.9650	17923600
4.9850	17814400
5.0050	17705200
5.0250	17595200
5.0450	17485200
5.0651	17374700
5.0851	17264000
5.1051	17153600
5.1251	17043000
5.1451	16932500
5.1652	16822500
5.1852	16712300
5.2052	16602900
5.2252	16494100
5.2452	16385900
5.2653	16278400
5.2853	16171700
5.3053	16066600
5.3253	1.59621e+07
5.3453	15859000
5.3654	1.5757e+07
5.3854	15657000
5.4054	15558200
5.4254	15461000
5.4454	15366000
5.4655	15272200
5.4855	15181000
5.5055	15091600
5.5255	15004400
5.5455	1.49195e+07
5.5656	14836900
5.5856	1.47565e+07
5.6056	14678700
5.6256	14603700
5.6456	14531200
5.6657	14461300
5.6857	14394100
5.7057	14329700
5.7257	14268100
5.7457	14209200
5.7658	14153300
5.7858	1.41003e+07
5.8058	14050100
5.8258	14002800
5.8458	13958100
5.8659	13916700
5.8859	13877900
5.9059	1.3842e+07
5.9259	13808900
5.9459	13778600
5.9660	13750600
5.9860	13725700
6.0060	13703100
6.0260	13683000
6.0460	13665600
6.0661	13650400
6.0861	13637800
6.1061	13627100
6.1261	13618500
6.1461	13612300
6.1662	1.36078e+07
6.1862	13605400
6.2062	13604700
6.2262	13605400
6.2462	13607900
6.2663	13611700
6.2863	13617000
6.3063	13623600
6.3263	13631400
6.3463	13640100
6.3664	1.36495e+07
6.3864	13660100
6.4064	13670900
6.4264	13683100
6.4464	13695400
6.4665	13708100
6.4865	13721400
6.5065	13734800
6.5265	1.37485e+07
6.5465	13762400
6.5666	13776100
6.5866	1.37898e+07
6.6066	13803300
6.6266	13817100
6.6466	13830300
6.6667	13843300
6.6867	1.38559e+07
6.7067	13868700
6.7267	13880500
6.7467	13892300
6.7668	13903500
6.7868	1.39142e+07
6.8068	13924800
6.8268	13934800
6.8468	1.39444e+07
6.8669	13953400
6.8869	1.3962e+07
6.9069	13970300
6.9269	13978400
6.9469	13985900
6.9670	13993000
6.9870	13999800
7.0070	14006200
7.0270	14012600
7.0470	1.40186e+07
7.0671	14024500
7.0871	14030000
7.1071	14035700
7.1271	14040800
7.1471	14046200
7.1672	14051400
7.1872	14056600
7.2072	14061800
7.2272	14066700
7.2472	14072000
7.2673	14077800
7.2873	14083300
7.3073	14088700
7.3273	14094800
7.3473	14101000
7.3674	14107300
7.3874	14114000
7.4074	14120700
7.4274	14127800
7.4474	14135400
7.4675	14143100
7.4875	14151200
7.5075	14159800
7.5275	14168200
7.5475	14177800
7.5676	14187100
7.5876	14197000
7.6076	14206900
7.6276	14217400
7.6476	14228300
7.6677	14239300
7.6877	14251000
7.7077	1.42623e+07
7.7277	14274100
7.7477	14286000
7.7678	14298300
7.7878	14310600
7.8078	14322900
7.8278	14335700
7.8478	14348200
7.8679	14361100
7.8879	1.43735e+07
7.9079	14385800
7.9279	14398400
7.9479	14410600
7.9680	1.44223e+07
7.9880	14434300
8.0080	14445500
8.0280	14457100
8.0480	1.44677e+07
8.0681	14477900
8.0881	14488100
8.1081	1.44972e+07
8.1281	1.4506e+07
8.1481	14514200
8.1682	14521900
8.1882	14528800
8.2082	14534900
8.2282	14540000
8.2482	14544900
8.2683	14548600
8.2883	1.45514e+07
8.3083	14553400
8.3283	14554700
8.3483	14555100
8.3684	1.45538e+07
8.3884	14552000
8.4084	1.45494e+07
8.4284	14545500
8.4484	14540500
8.4685	14534300
8.4885	14526900
8.5085	14518600
8.5285	14509800
8.5485	1.44989e+07
8.5686	14487100
8.5886	1.44745e+07
8.6086	14460500
8.6286	14445100
8.6486	14428900
8.6687	14411500
8.6887	14393000
8.7087	14373200
8.7287	14352300
8.7487	1.43301e+07
8.7688	14307200
8.7888	14282800
8.8088	14257400
8.8288	14230900
8.8488	14203400
8.8689	1.41745e+07
8.8889	14144800
8.9089	14114300
8.9289	14082300
8.9489	14049300
8.9690	14015800
8.9890	13980700
9.0090	13945000
9.0290	13908300
9.0490	1.38705e+07
9.0691	1.38322e+07
9.0891	13792300
9.1091	13752400
9.1291	13711000
9.1491	13669100
9.1692	1.36261e+07
9.1892	13582200
9.2092	13537400
9.2292	13492700
9.2492	13446400
9.2693	13399900
9.2893	13352000
9.3093	13304100
9.3293	13254900
9.3493	13205100
9.3694	13154900
9.3894	1.31038e+07
9.4094	13052100
9.4294	13000000
9.4494	1.29469e+07
9.4695	12893100
9.4895	12838900
9.5095	12783800
9.5295	12728100
9.5495	12672300
9.5696	12615300
9.5896	12557700
9.6096	12499600
9.6296	12440600
9.6496	12381700
9.6697	12320800
9.6897	1.22602e+07
9.7097	1.21985e+07
9.7297	12136700
9.7497	12073300
9.7698	1.20094e+07
9.7898	11944800
9.8098	11879700
9.8298	11813400
9.8498	11746200
9.8699	11678700
9.8899	11609900
9.9099	1.15403e+07
9.9299	11470000
9.9499	11398900
9.9700	11326400
9.9900	1.12532e+07
10.0100	11178700
10.0300	11104300
10.0501	11027700
10.0701	1.09512e+07
10.0901	10873400
10.1101	1.07943e+07
10.1301	10714900
10.1502	10634100
10.1702	1.05523e+07
10.1902	10469300
10.2102	10385700
10.2302	1.03008e+07
10.2503	10215600
10.2703	10129400
10.2903	1.00415e+07
10.3103	9953390
10.3303	9864030
10.3504	9774070
10.3704	9683590
10.3904	9591480
10.4104	9499120
10.4304	9405520
10.4505	9311340
10.4705	9216850
10.4905	9121490
10.5105	9025170
10.5305	8927970
10.5506	8830830
10.5706	8733160
10.5906	8634240
10.6106	8535750
10.6306	8436830
10.6507	8336890
10.6707	8.23764e+06
10.6907	8.13672e+06
10.7107	8036830
10.7307	7936380
10.7508	7835630
10.7708	7734830
10.7908	7634360
10.8108	7534170
10.8308	7433360
10.8509	7332600
10.8709	7233320
10.8909	7133860
10.9109	7034260
10.9309	6935120
10.9510	6836620
10.9710	6739110
10.9910	6641880
11.0110	6545730
11.0310	6.4492e+06
11.0511	6354580
11.0711	6259950
11.0911	6166730
11.1111	6.07385e+06
11.1311	5981810
11.1512	5890890
11.1712	5.80204e+06
11.1912	5713210
11.2112	5625540
11.2312	5539160
11.2513	5.45383e+06
11.2713	5369530
11.2913	5286360
11.3113	5204520
11.3313	5.12411e+06
11.3514	5045050
11.3714	4966730
11.3914	4889090
11.4114	4813160
11.4314	4739260
11.4515	4666320
11.4715	4594100
11.4915	4523390
11.5115	4453770
11.5315	4385660
11.5516	4318870
11.5716	4253280
11.5916	4188290
11.6116	4125020
11.6316	4062580
11.6517	4001320
11.6717	3941700
11.6917	3883300
11.7117	3825700
11.7317	3768920
11.7518	3713510
11.7718	3659070
11.7918	3606160
11.8118	3554370
11.8318	3.50268e+06
11.8519	3452480
11.8719	3403450
11.8919	3355000
11.9119	3307870
11.9319	3261660
11.9520	3216400
11.9720	3171760
11.9920	3128160
12.0120	3085490
12.0320	3044080
12.0521	3002630
12.0721	2.96237e+06
12.0921	2922840
12.1121	2884270
12.1321	2845550
12.1522	2808490
12.1722	2772230
12.1922	2736460
12.2122	2.70089e+06
12.2322	2666500
12.2523	2.63242e+06
12.2723	2599490
12.2923	2566940
12.3123	2535270
12.3323	2.50364e+06
12.3524	2473420
12.3724	2442620
12.3924	2413210
12.4124	2383570
12.4324	2355160
12.4525	2326850
12.4725	2299780
12.4925	2272490
12.5125	2246240
12.5325	2219740
12.5526	2193940
12.5726	2168780
12.5926	2144300
12.6126	2119440
12.6326	2096290
12.6527	2071770
12.6727	2049050
12.6927	2026230
12.7127	2.00475e+06
12.7327	1982730
12.7528	1960450
12.7728	1.93979e+06
12.7928	1919170
12.8128	1898370
12.8328	1878090
12.8529	1858330
12.8729	1839240
12.8929	1.81934e+06
12.9129	1800940
12.9329	1782140
12.9530	1764030
12.9730	1745900
12.9930	1728410
13.0130	1711200
13.0330	1693820
13.0531	1676660
13.0731	1.66006e+06
13.0931	1643600
13.1131	1627080
13.1331	1611270
13.1532	1596430
13.1732	1.58069e+06
13.1932	1565560
13.2132	1550490
13.2332	1535960
13.2533	1521060
13.2733	1506650
13.2933	1492790
13.3133	1478570
13.3333	1465270
13.3534	1451210
13.3734	1438610
13.3934	1425060
13.4134	1412590
13.4334	1399640
13.4535	1.38723e+06
13.4735	1374990
13.4935	1362200
13.5135	1349960
13.5335	1338280
13.5536	1326120
13.5736	1315450
13.5936	1303380
13.6136	1292360
13.6336	1281410
13.6537	1269960
13.6737	1259050
13.6937	1248600
13.7137	1238220
13.7337	1227520
13.7538	1217210
13.7738	1207060
13.7938	1197250
13.8138	1187520
13.8338	1177370
13.8539	1167820
13.8739	1158190
13.8939	1149090
13.9139	1140000
13.9339	1130130
13.9540	1121520
13.9740	1112560
13.9940	1103630
14.0140	1094810
14.0340	1086280
14.0541	1077960
14.0741	1069490
14.0941	1061230
14.1141	1052900
14.1341	1.0447e+06
14.1542	1036820
14.1742	1028690
14.1942	1020390
14.2142	1013210
14.2342	1005880
14.2543	997797
14.2743	990555
14.2943	982955
14.3143	976217
14.3343	968195
14.3544	961561
14.3744	954044
14.3944	947417
14.4144	940319
14.4344	933273
14.4545	926714
14.4745	920109
14.4945	913674
14.5145	906753
14.5345	900666
14.5546	893756
14.5746	887242
14.5946	881362
14.6146	874872
14.6346	868907
14.6547	863018
14.6747	857088
14.6947	851118
14.7147	845222
14.7347	839405
14.7548	833907
14.7748	828009
14.7948	822193
14.8148	816823
14.8348	810926
14.8549	805730
14.8749	800250
14.8949	794985
14.9149	789557
14.9349	784347
14.9550	778974
14.9750	774080
14.9950	768895
15.0150	764068
15.0350	759211
15.0551	753658
15.0751	749133
15.0951	744446
15.1151	739324
15.1351	734438
15.1552	729795
15.1752	725397
15.1952	720695
15.2152	716380
15.2352	711758
15.2553	707390
15.2753	702709
15.2953	698426
15.3153	693830
15.3353	689493
15.3554	685420
15.3754	681176
15.3954	676461
15.4154	672756
15.4354	668581
15.4555	664680
15.4755	660606
15.4955	655897
15.5155	652227
15.5355	648537
15.5556	644360
15.5756	640156
15.5956	636867
15.6156	632771
15.6356	629127
15.6557	625460
15.6757	621289
15.6957	618385
15.7157	614329
15.7357	611229
15.7558	607125
15.7758	603821
15.7958	599833
15.8158	596992
15.8358	592959
15.8559	589745
15.8759	586515
15.8959	582923
15.9159	579828
15.9359	576194
15.9560	572888
15.9760	569913
15.9960	566921
16.0160	563205
16.0360	560357
16.0561	557135
16.0761	554437
16.0961	550454
16.1161	547722
16.1361	544609
16.1562	541849
16.1762	538702
16.1962	535537
16.2162	532917
16.2362	529906
16.2563	526878
16.2763	524023
16.2963	520961
16.3163	518459
16.3363	515559
16.3564	512640
16.3764	509902
16.3964	507346
16.4164	504579
16.4364	501996
16.4565	499199
16.4765	496789
16.4965	494166
16.5165	491325
16.5365	488672
16.5566	486004
16.5766	483115
16.5966	480833
16.6166	478748
16.6366	476026
16.6567	473497
16.6767	470744
16.6967	468615
16.7167	466262
16.7367	463896
16.7568	461302
16.7768	458912
16.7968	456947
16.8168	454313
16.8368	451885
16.8569	449666
16.8769	447661
16.8969	445197
16.9169	442944
16.9369	440682
16.9570	438634
16.9770	436119
16.9970	434050
17.0170	432203
17.0370	429651
17.0571	428019
17.0771	425441
17.0971	423321
17.1171	421426
17.1371	419047
17.1572	417134
17.1772	414729
17.1972	413280
17.2172	410853
17.2372	409146
17.2573	407186
17.2773	405216
17.2973	403238
17.3173	401497
17.3373	399249
17.3574	397240
17.3774	395475
17.3974	393447
17.4174	391664
17.4374	390128
17.4575	387814
17.4775	386264
17.4975	384188
17.5175	382623
17.5375	380788
17.5576	378946
17.5776	377094
17.5976	375766
17.6176	373631
17.6376	372022
17.6577	370405
17.6777	369053
17.6977	366334
17.7177	365239
17.7377	363593
17.7578	361387
17.7778	359722
17.7978	358608
17.8178	356932
17.8378	355246
17.8579	353553
17.8779	351852
17.8979	350142
17.9179	348998
17.9379	346987
17.9580	345543
17.9780	344094
17.9980	342344
18.0180	340881
18.0380	339705
18.0581	337639
18.0781	336154
18.0981	334664
18.1181	333166
18.1381	331964
18.1582	330454
18.1782	329242
18.1982	327414
18.2182	326190
18.2382	324346
18.2583	323419
18.2783	321558
18.2983	320312
18.3183	319061
18.3383	317805
18.3584	316228
18.3784	314643
18.3984	313369
18.4184	312090
18.4384	310806
18.4585	309192
18.4785	308221
18.4985	306920
18.5185	305614
18.5385	304302
18.5586	302985
18.5786	301994
18.5986	300334
18.6186	298999
18.6386	297993
18.6587	296648
18.6787	295634
18.6987	294279
18.7187	292916
18.7387	291891
18.7588	290516
18.7788	289136
18.7988	287750
18.8188	286357
18.8388	285306
18.8589	284254
18.8789	283196
18.8989	282134
18.9189	280713
18.9389	279642
18.9590	278568
18.9790	277128
18.9990	276043
19.0190	274954
19.0390	274226
19.0591	273130
19.0791	272030
19.0991	270555
19.1191	269444
19.1391	268329
19.1592	267207
19.1792	266083
19.1992	264953
19.2192	264575
19.2392	263059
19.2593	261917
19.2793	260768
19.2993	259616
19.3193	259230
19.3393	258070
19.3594	256905
19.3794	255734
19.3994	254952
19.4194	253772
19.4394	252587
19.4595	251396
19.4795	250599
19.4995	249800
19.5195	248998
19.5395	247790
19.5596	246577
19.5796	246171
19.5996	244949
19.6196	243721
19.6396	242900
19.6597	242487
19.6797	241661
19.6997	240416
19.7197	239165
19.7397	238328
19.7598	237487
19.7798	236220
19.7998	235372
19.8198	234946
19.8398	234093
19.8599	232809
19.8799	231948
19.8999	231084
19.9199	230651
19.9399	229783
19.9600	228473
19.9800	227596
20.0000	227157
