0.0000	0
0.0200	0.00746667
0.0400	0.0149667
0.0601	0.0224667
0.0801	0.0299333
0.1001	0.0375
0.1201	0.0449667
0.1401	0.0525333
0.1602	0.0600667
0.1802	0.0676333
0.2002	0.0752333
0.2202	0.0828667
0.2402	0.0905
0.2603	0.0981667
0.2803	0.105867
0.3003	0.1136
0.3203	0.121367
0.3403	0.1292
0.3604	0.137067
0.3804	0.144967
0.4004	0.1529
0.4204	0.160933
0.4404	0.168967
0.4605	0.177067
0.4805	0.1852
0.5005	0.193433
0.5205	0.201733
0.5405	0.210067
0.5606	0.2185
0.5806	0.227
0.6006	0.235567
0.6206	0.244233
0.6406	0.252967
0.6607	0.2618
0.6807	0.2707
0.7007	0.2797
0.7207	0.2888
0.7407	0.297967
0.7608	0.3073
0.7808	0.316733
0.8008	0.326267
0.8208	0.335867
0.8408	0.345633
0.8609	0.355467
0.8809	0.3655
0.9009	0.3756
0.9209	0.385867
0.9409	0.3963
0.9610	0.406833
0.9810	0.417533
1.0010	0.4284
1.0210	0.439367
1.0410	0.450533
1.0611	0.4619
1.0811	0.4734
1.1011	0.4851
1.1211	0.497
1.1411	0.509033
1.1612	0.5213
1.1812	0.533767
1.2012	0.5464
1.2212	0.5593
1.2412	0.572367
1.2613	0.585733
1.2813	0.599233
1.3013	0.613033
1.3213	0.6271
1.3413	0.641367
1.3614	0.655933
1.3814	0.670733
1.4014	0.6858
1.4214	0.701167
1.4414	0.716833
1.4615	0.7328
1.4815	0.749033
1.5015	0.765633
1.5215	0.7825
1.5415	0.7997
1.5616	0.817267
1.5816	0.835167
1.6016	0.853433
1.6216	0.872033
1.6416	0.891
1.6617	0.910367
1.6817	0.930133
1.7017	0.9503
1.7217	0.970867
1.7417	0.9918
1.7618	1.0132
1.7818	1.03503
1.8018	1.05733
1.8218	1.08003
1.8418	1.10323
1.8619	1.12687
1.8819	1.151
1.9019	1.17563
1.9219	1.2007
1.9419	1.22637
1.9620	1.25243
1.9820	1.27907
2.0020	1.30617
2.0220	1.33383
2.0420	1.362
2.0621	1.3907
2.0821	1.41997
2.1021	1.4497
2.1221	1.48003
2.1421	1.51087
2.1622	1.54223
2.1822	1.57413
2.2022	1.60657
2.2222	1.63953
2.2422	1.673
2.2623	1.70693
2.2823	1.7414
2.3023	1.77637
2.3223	1.8118
2.3423	1.84767
2.3624	1.88403
2.3824	1.92073
2.4024	1.9579
2.4224	1.99547
2.4424	2.03337
2.4625	2.07153
2.4825	2.11007
2.5025	2.14887
2.5225	2.1879
2.5425	2.22713
2.5626	2.26653
2.5826	2.30607
2.6026	2.34567
2.6226	2.38533
2.6426	2.42507
2.6627	2.46473
2.6827	2.50433
2.7027	2.54383
2.7227	2.58313
2.7427	2.6222
2.7628	2.66107
2.7828	2.6996
2.8028	2.73783
2.8228	2.77563
2.8428	2.813
2.8629	2.84987
2.8829	2.8862
2.9029	2.92197
2.9229	2.9571
2.9429	2.99157
2.9630	3.02533
2.9830	3.05833
3.0030	3.09047
3.0230	3.12183
3.0430	3.15223
3.0631	3.18177
3.0831	3.2103
3.1031	3.23783
3.1231	3.26437
3.1431	3.28977
3.1632	3.3141
3.1832	3.33727
3.2032	3.35923
3.2232	3.38007
3.2432	3.39967
3.2633	3.41803
3.2833	3.43517
3.3033	3.451
3.3233	3.46553
3.3433	3.47887
3.3634	3.4908
3.3834	3.5015
3.4034	3.5109
3.4234	3.51903
3.4434	3.52583
3.4635	3.5314
3.4835	3.53573
3.5035	3.5388
3.5235	3.54063
3.5435	3.5413
3.5636	3.54073
3.5836	3.53907
3.6036	3.5362
3.6236	3.5323
3.6436	3.52733
3.6637	3.52127
3.6837	3.51417
3.7037	3.50613
3.7237	3.4971
3.7437	3.4871
3.7638	3.47627
3.7838	3.46447
3.8038	3.45187
3.8238	3.4384
3.8438	3.4241
3.8639	3.40907
3.8839	3.39327
3.9039	3.37677
3.9239	3.3595
3.9439	3.3416
3.9640	3.323
3.9840	3.3038
4.0040	3.28397
4.0240	3.26357
4.0440	3.2426
4.0641	3.2211
4.0841	3.19903
4.1041	3.17653
4.1241	3.1536
4.1441	3.1302
4.1642	3.1064
4.1842	3.0822
4.2042	3.05767
4.2242	3.0328
4.2442	3.00763
4.2643	2.98217
4.2843	2.95653
4.3043	2.9306
4.3243	2.90457
4.3443	2.87837
4.3644	2.852
4.3844	2.8255
4.4044	2.79893
4.4244	2.77233
4.4444	2.7457
4.4645	2.71907
4.4845	2.69243
4.5045	2.66583
4.5245	2.6393
4.5445	2.61283
4.5646	2.5865
4.5846	2.56027
4.6046	2.5341
4.6246	2.50817
4.6446	2.48237
4.6647	2.4567
4.6847	2.43133
4.7047	2.4061
4.7247	2.3811
4.7447	2.35633
4.7648	2.33183
4.7848	2.30757
4.8048	2.28353
4.8248	2.2598
4.8448	2.23633
4.8649	2.2132
4.8849	2.19033
4.9049	2.16777
4.9249	2.1455
4.9449	2.1236
4.9650	2.102
4.9850	2.0807
5.0050	2.0598
5.0250	2.0392
5.0450	2.019
5.0651	1.99917
5.0851	1.97963
5.1051	1.96053
5.1251	1.9418
5.1451	1.92347
5.1652	1.90553
5.1852	1.88793
5.2052	1.87077
5.2252	1.85403
5.2452	1.8377
5.2653	1.82177
5.2853	1.80623
5.3053	1.79117
5.3253	1.7765
5.3453	1.7623
5.3654	1.74847
5.3854	1.73517
5.4054	1.72223
5.4254	1.70973
5.4454	1.6977
5.4655	1.6861
5.4855	1.67493
5.5055	1.6642
5.5255	1.65393
5.5455	1.64407
5.5656	1.63467
5.5856	1.62567
5.6056	1.6171
5.6256	1.609
5.6456	1.6013
5.6657	1.594
5.6857	1.58713
5.7057	1.58067
5.7257	1.5746
5.7457	1.5689
5.7658	1.56363
5.7858	1.5587
5.8058	1.55417
5.8258	1.54997
5.8458	1.54613
5.8659	1.54263
5.8859	1.53947
5.9059	1.53663
5.9259	1.53407
5.9459	1.53183
5.9660	1.52983
5.9860	1.52817
6.0060	1.5267
6.0260	1.52547
6.0460	1.5245
6.0661	1.52373
6.0861	1.52317
6.1061	1.52277
6.1261	1.52253
6.1461	1.52247
6.1662	1.52253
6.1862	1.52273
6.2062	1.52303
6.2262	1.52343
6.2462	1.5239
6.2663	1.5244
6.2863	1.525
6.3063	1.52563
6.3263	1.52627
6.3463	1.52693
6.3664	1.52757
6.3864	1.5282
6.4064	1.52877
6.4264	1.52937
6.4464	1.52987
6.4665	1.53033
6.4865	1.53073
6.5065	1.53103
6.5265	1.5313
6.5465	1.53147
6.5666	1.53153
6.5866	1.5315
6.6066	1.53133
6.6266	1.53113
6.6466	1.53077
6.6667	1.53033
6.6867	1.52977
6.7067	1.52913
6.7267	1.52833
6.7467	1.5275
6.7668	1.5265
6.7868	1.5254
6.8068	1.52423
6.8268	1.523
6.8468	1.52163
6.8669	1.5202
6.8869	1.51867
6.9069	1.51707
6.9269	1.51543
6.9469	1.5137
6.9670	1.51193
6.9870	1.51007
7.0070	1.50817
7.0270	1.50627
7.0470	1.50427
7.0671	1.5023
7.0871	1.50027
7.1071	1.49823
7.1271	1.49613
7.1471	1.49407
7.1672	1.49197
7.1872	1.48987
7.2072	1.48777
7.2272	1.48563
7.2472	1.48353
7.2673	1.48147
7.2873	1.47937
7.3073	1.47723
7.3273	1.47517
7.3473	1.47313
7.3674	1.47107
7.3874	1.46903
7.4074	1.467
7.4274	1.46497
7.4474	1.463
7.4675	1.461
7.4875	1.459
7.5075	1.45703
7.5275	1.455
7.5475	1.45307
7.5676	1.4511
7.5876	1.44913
7.6076	1.4471
7.6276	1.4451
7.6476	1.4431
7.6677	1.44107
7.6877	1.43903
7.7077	1.43693
7.7277	1.4348
7.7477	1.4326
7.7678	1.43043
7.7878	1.42813
7.8078	1.42583
7.8278	1.42347
7.8478	1.42103
7.8679	1.41853
7.8879	1.41593
7.9079	1.41323
7.9279	1.4105
7.9479	1.40763
7.9680	1.40463
7.9880	1.4016
8.0080	1.3984
8.0280	1.39517
8.0480	1.39177
8.0681	1.38823
8.0881	1.38463
8.1081	1.38087
8.1281	1.37697
8.1481	1.37293
8.1682	1.3688
8.1882	1.3645
8.2082	1.3601
8.2282	1.35547
8.2482	1.3508
8.2683	1.34593
8.2883	1.34093
8.3083	1.33583
8.3283	1.33057
8.3483	1.32517
8.3684	1.3196
8.3884	1.3139
8.4084	1.3081
8.4284	1.30217
8.4484	1.29607
8.4685	1.28983
8.4885	1.28353
8.5085	1.27703
8.5285	1.2705
8.5485	1.26377
8.5686	1.25693
8.5886	1.25003
8.6086	1.243
8.6286	1.23583
8.6486	1.22863
8.6687	1.2213
8.6887	1.2139
8.7087	1.2064
8.7287	1.1988
8.7487	1.19113
8.7688	1.1834
8.7888	1.1756
8.8088	1.16773
8.8288	1.15977
8.8488	1.1518
8.8689	1.14373
8.8889	1.13567
8.9089	1.12753
8.9289	1.11933
8.9489	1.1111
8.9690	1.10287
8.9890	1.09457
9.0090	1.08627
9.0290	1.07793
9.0490	1.0696
9.0691	1.06123
9.0891	1.05283
9.1091	1.0445
9.1291	1.03607
9.1491	1.02767
9.1692	1.01927
9.1892	1.01087
9.2092	1.00243
9.2292	0.9941
9.2492	0.9857
9.2693	0.977333
9.2893	0.968933
9.3093	0.9606
9.3293	0.952233
9.3493	0.9439
9.3694	0.9356
9.3894	0.9273
9.4094	0.919
9.4294	0.910767
9.4494	0.902533
9.4695	0.894267
9.4895	0.886067
9.5095	0.877867
9.5295	0.869667
9.5495	0.861567
9.5696	0.8534
9.5896	0.845267
9.6096	0.837167
9.6296	0.829067
9.6496	0.821033
9.6697	0.812933
9.6897	0.8049
9.7097	0.796867
9.7297	0.7889
9.7497	0.780867
9.7698	0.7729
9.7898	0.7649
9.8098	0.756967
9.8298	0.749033
9.8498	0.741067
9.8699	0.7332
9.8899	0.725267
9.9099	0.717367
9.9299	0.7095
9.9499	0.701667
9.9700	0.6938
9.9900	0.685967
10.0100	0.678167
10.0300	0.670433
10.0501	0.662633
10.0701	0.6549
10.0901	0.6472
10.1101	0.6395
10.1301	0.631867
10.1502	0.624233
10.1702	0.616633
10.1902	0.609033
10.2102	0.6015
10.2302	0.594
10.2503	0.586567
10.2703	0.579133
10.2903	0.571733
10.3103	0.564433
10.3303	0.557133
10.3504	0.5499
10.3704	0.542767
10.3904	0.5356
10.4104	0.528533
10.4304	0.5215
10.4505	0.514533
10.4705	0.507633
10.4905	0.5008
10.5105	0.494
10.5305	0.487267
10.5506	0.480633
10.5706	0.474067
10.5906	0.467533
10.6106	0.4611
10.6306	0.454767
10.6507	0.448433
10.6707	0.442267
10.6907	0.436067
10.7107	0.430033
10.7307	0.424033
10.7508	0.418133
10.7708	0.4123
10.7908	0.406567
10.8108	0.4009
10.8308	0.3953
10.8509	0.389767
10.8709	0.384367
10.8909	0.379033
10.9109	0.373767
10.9309	0.368567
10.9510	0.363467
10.9710	0.358467
10.9910	0.353533
11.0110	0.3487
11.0310	0.3439
11.0511	0.339233
11.0711	0.3346
11.0911	0.3301
11.1111	0.325633
11.1311	0.321233
11.1512	0.3169
11.1712	0.312733
11.1912	0.308567
11.2112	0.3045
11.2312	0.3005
11.2513	0.296567
11.2713	0.2927
11.2913	0.2889
11.3113	0.285167
11.3313	0.281533
11.3514	0.277967
11.3714	0.274433
11.3914	0.270933
11.4114	0.267533
11.4314	0.264233
11.4515	0.260967
11.4715	0.257733
11.4915	0.254567
11.5115	0.251467
11.5315	0.248433
11.5516	0.245467
11.5716	0.242533
11.5916	0.239633
11.6116	0.2368
11.6316	0.234
11.6517	0.231267
11.6717	0.2286
11.6917	0.225967
11.7117	0.2234
11.7317	0.220833
11.7518	0.218333
11.7718	0.215867
11.7918	0.213467
11.8118	0.211133
11.8318	0.208767
11.8519	0.206467
11.8719	0.204233
11.8919	0.202
11.9119	0.199833
11.9319	0.1977
11.9520	0.1956
11.9720	0.193533
11.9920	0.1915
12.0120	0.1895
12.0320	0.187567
12.0521	0.1856
12.0721	0.1837
12.0921	0.181833
12.1121	0.18
12.1321	0.178133
12.1522	0.176367
12.1722	0.174633
12.1922	0.1729
12.2122	0.171167
12.2322	0.1695
12.2523	0.167833
12.2723	0.166233
12.2923	0.164633
12.3123	0.163067
12.3323	0.1615
12.3524	0.16
12.3724	0.158467
12.3924	0.157
12.4124	0.1555
12.4324	0.154067
12.4525	0.152633
12.4725	0.151267
12.4925	0.149867
12.5125	0.148533
12.5325	0.147167
12.5526	0.145833
12.5726	0.144533
12.5926	0.143267
12.6126	0.141967
12.6326	0.140767
12.6527	0.139467
12.6727	0.138267
12.6927	0.137067
12.7127	0.135933
12.7327	0.134767
12.7528	0.133567
12.7728	0.132467
12.7928	0.131367
12.8128	0.130233
12.8328	0.129133
12.8529	0.128067
12.8729	0.127033
12.8929	0.125933
12.9129	0.124933
12.9329	0.1239
12.9530	0.1229
12.9730	0.1219
12.9930	0.120933
13.0130	0.119967
13.0330	0.119
13.0531	0.118033
13.0731	0.1171
13.0931	0.116167
13.1131	0.115233
13.1331	0.114333
13.1532	0.1135
13.1732	0.1126
13.1932	0.111733
13.2132	0.110867
13.2332	0.110033
13.2533	0.109167
13.2733	0.108333
13.2933	0.107533
13.3133	0.1067
13.3333	0.105933
13.3534	0.1051
13.3734	0.104367
13.3934	0.103567
13.4134	0.102833
13.4334	0.102067
13.4535	0.101333
13.4735	0.1006
13.4935	0.0998333
13.5135	0.0991
13.5335	0.0984
13.5536	0.0976667
13.5736	0.0970333
13.5936	0.0963
13.6136	0.0956333
13.6336	0.0949667
13.6537	0.0942667
13.6737	0.0936
13.6937	0.0929667
13.7137	0.0923333
13.7337	0.0916667
13.7538	0.0910333
13.7738	0.0904
13.7938	0.0898
13.8138	0.0892
13.8338	0.0885667
13.8539	0.0879667
13.8739	0.0873667
13.8939	0.0868
13.9139	0.0862333
13.9339	0.0856
13.9540	0.0850667
13.9740	0.0845
13.9940	0.0839333
14.0140	0.0833667
14.0340	0.0828333
14.0541	0.0823
14.0741	0.0817667
14.0941	0.0812333
14.1141	0.0807
14.1341	0.0801667
14.1542	0.0796667
14.1742	0.0791333
14.1942	0.0786
14.2142	0.0781333
14.2342	0.0776667
14.2543	0.0771333
14.2743	0.0766667
14.2943	0.0761667
14.3143	0.0757333
14.3343	0.0752
14.3544	0.0747667
14.3744	0.0742667
14.3944	0.0738333
14.4144	0.0733667
14.4344	0.0729
14.4545	0.0724667
14.4745	0.0720333
14.4945	0.0716
14.5145	0.0711333
14.5345	0.0707333
14.5546	0.0702667
14.5746	0.0698333
14.5946	0.0694333
14.6146	0.069
14.6346	0.0686
14.6547	0.0682
14.6747	0.0678
14.6947	0.0674
14.7147	0.067
14.7347	0.0666
14.7548	0.0662333
14.7748	0.0658333
14.7948	0.0654333
14.8148	0.0650667
14.8348	0.0646667
14.8549	0.0643
14.8749	0.0639333
14.8949	0.0635667
14.9149	0.0632
14.9349	0.0628333
14.9550	0.0624667
14.9750	0.0621333
14.9950	0.0617667
15.0150	0.0614333
15.0350	0.0611
15.0551	0.0607
15.0751	0.0604
15.0951	0.0600667
15.1151	0.0597
15.1351	0.0593667
15.1552	0.0590333
15.1752	0.0587333
15.1952	0.0584
15.2152	0.0581
15.2352	0.0577667
15.2553	0.0574667
15.2753	0.0571333
15.2953	0.0568333
15.3153	0.0565
15.3353	0.0562
15.3554	0.0559
15.3754	0.0556
15.3954	0.0552667
15.4154	0.055
15.4354	0.0547
15.4555	0.0544333
15.4755	0.0541333
15.4955	0.0538
15.5155	0.0535333
15.5355	0.0532667
15.5556	0.0529667
15.5756	0.0526667
15.5956	0.0524333
15.6156	0.0521333
15.6356	0.0518667
15.6557	0.0516
15.6757	0.0513
15.6957	0.0511
15.7157	0.0508
15.7357	0.0505667
15.7558	0.0502667
15.7758	0.0500333
15.7958	0.0497333
15.8158	0.0495333
15.8358	0.0492333
15.8559	0.049
15.8759	0.0487667
15.8959	0.0485
15.9159	0.0482667
15.9359	0.048
15.9560	0.0477667
15.9760	0.0475333
15.9960	0.0473333
16.0160	0.0470333
16.0360	0.0468333
16.0561	0.0466
16.0761	0.0464
16.0961	0.0461
16.1161	0.0459
16.1361	0.0456667
16.1562	0.0454667
16.1762	0.0452333
16.1962	0.045
16.2162	0.0448
16.2362	0.0445667
16.2563	0.0443333
16.2763	0.0441333
16.2963	0.0439
16.3163	0.0437
16.3363	0.0435
16.3564	0.0432667
16.3764	0.0430667
16.3964	0.0428667
16.4164	0.0426667
16.4364	0.0424667
16.4565	0.0422667
16.4765	0.0420667
16.4965	0.0418667
16.5165	0.0416667
16.5365	0.0414667
16.5566	0.0412667
16.5766	0.0410333
16.5966	0.0408667
16.6166	0.0407
16.6366	0.0405
16.6567	0.0403
16.6767	0.0401
16.6967	0.0399333
16.7167	0.0397667
16.7367	0.0395667
16.7568	0.0393667
16.7768	0.0392
16.7968	0.0390333
16.8168	0.0388333
16.8368	0.0386333
16.8569	0.0384667
16.8769	0.0383333
16.8969	0.0381333
16.9169	0.0379667
16.9369	0.0378
16.9570	0.0376333
16.9770	0.0374333
16.9970	0.0372667
17.0170	0.0371333
17.0370	0.0369333
17.0571	0.0368
17.0771	0.0366
17.0971	0.0364333
17.1171	0.0363
17.1371	0.0361
17.1572	0.0359667
17.1772	0.0357667
17.1972	0.0356667
17.2172	0.0354667
17.2372	0.0353333
17.2573	0.0351667
17.2773	0.0350333
17.2973	0.0348667
17.3173	0.0347333
17.3373	0.0345667
17.3574	0.0344
17.3774	0.0342667
17.3974	0.0341
17.4174	0.0339667
17.4374	0.0338333
17.4575	0.0336667
17.4775	0.0335333
17.4975	0.0333667
17.5175	0.0332333
17.5375	0.0331
17.5576	0.0329667
17.5776	0.0328
17.5976	0.0327
17.6176	0.0325333
17.6376	0.0324
17.6577	0.0322667
17.6777	0.0321667
17.6977	0.0319667
17.7177	0.0318667
17.7377	0.0317333
17.7578	0.0315667
17.7778	0.0314333
17.7978	0.0313333
17.8178	0.0312
17.8378	0.0310667
17.8579	0.0309333
17.8779	0.0308
17.8979	0.0306667
17.9179	0.0305667
17.9379	0.0304
17.9580	0.0303
17.9780	0.0301667
17.9980	0.0300333
18.0180	0.0299333
18.0380	0.0298333
18.0581	0.0296667
18.0781	0.0295333
18.0981	0.0294333
18.1181	0.0293
18.1381	0.0292
18.1582	0.0291
18.1782	0.029
18.1982	0.0288333
18.2182	0.0287333
18.2382	0.0286
18.2583	0.0285
18.2783	0.0283667
18.2983	0.0282667
18.3183	0.0281667
18.3383	0.0280667
18.3584	0.0279333
18.3784	0.0278
18.3984	0.0277
18.4184	0.0276
18.4384	0.0275
18.4585	0.0273667
18.4785	0.0272667
18.4985	0.0271667
18.5185	0.0270667
18.5385	0.0269667
18.5586	0.0268667
18.5786	0.0267667
18.5986	0.0266333
18.6186	0.0265333
18.6386	0.0264333
18.6587	0.0263333
18.6787	0.0262333
18.6987	0.0261333
18.7187	0.0260333
18.7387	0.0259333
18.7588	0.0258333
18.7788	0.0257333
18.7988	0.0256
18.8188	0.0255
18.8388	0.0254
18.8589	0.0253
18.8789	0.0252333
18.8989	0.0251333
18.9189	0.0250333
18.9389	0.0249333
18.9590	0.0248333
18.9790	0.0247333
18.9990	0.0246333
19.0190	0.0245333
19.0390	0.0244667
19.0591	0.0244
19.0791	0.0243
19.0991	0.0242
19.1191	0.0241
19.1391	0.024
19.1592	0.0239
19.1792	0.0238
19.1992	0.0237333
19.2192	0.0236667
19.2392	0.0235667
19.2593	0.0234667
19.2793	0.0233667
19.2993	0.0233
19.3193	0.0232333
19.3393	0.0231333
19.3594	0.0230667
19.3794	0.0229667
19.3994	0.0229
19.4194	0.0228
19.4394	0.0227
19.4595	0.0226
19.4795	0.0225333
19.4995	0.0224667
19.5195	0.0224
19.5395	0.0223
19.5596	0.0222
19.5796	0.0221667
19.5996	0.0220667
19.6196	0.0219667
19.6396	0.0218667
19.6597	0.0218333
19.6797	0.0217667
19.6997	0.0216667
19.7197	0.0215667
19.7397	0.0215
19.7598	0.0214333
19.7798	0.0213333
19.7998	0.0212667
19.8198	0.0212
19.8398	0.0211333
19.8599	0.0210333
19.8799	0.0209667
19.8999	0.0209
19.9199	0.0208333
19.9399	0.0207667
19.9600	0.0206667
19.9800	0.0206
20.0000	0.0205667
